1
0 2
2
-0.57735 1
0.57735 1
3
-0.774597 0.555556
0 0.888889
0.774597 0.555556
4
-0.861136 0.347855
-0.339981 0.652145
0.339981 0.652145
0.861136 0.347855
5
-0.90618 0.236927
-0.53847 0.478629
0 0.568889
0.53847 0.478629
0.90618 0.236927   
6
-0.93247 0.171324
-0.661209 0.360762
-0.238619 0.467914
0.238619 0.467914
0.661209 0.360762
0.93247 0.171324
7
-0.949108 0.129485
-0.741531 0.279705
-0.405845 0.381830
0 0.417959
0.405845 0.381830
0.741531 0.279705
0.949108 0.129485
8
-0.96029 0.101229
-0.796666 0.222381
-0.525532 0.313707
-0.183435 0.362684
0.183435 0.362684
0.525532 0.313707
0.796666 0.222381
0.96029 0.101229
9
-0.968160 0.081274
-0.836021 0.180648
-0.613371 0.260611
-0.324253 0.312347
0
0.324253 0.312347
0.613371 0.260611
0.836021 0.180648
0.968160 0.081274
10
-0.973907 0.066671
-0.865063 0.149451
-0.67941 0.219086
-0.433395 0.269267
-0.148874 0.295524
0.148874 0.295524
0.433395 0.269267
0.67941 0.219086
0.865063 0.149451
0.973907 0.066671
